"subjectID" "sire" "dam" "sex" "generation" "phenotype" "genetic_origin" "batch"
"1" 1 0 0 "M" 0 0.13502 0 1
"2" 2 0 0 "M" 0 -1.436285 0 1
"3" 3 0 0 "M" 0 -0.781959 0 1
"4" 4 0 0 "M" 0 -1.033138 0 1
"5" 5 0 0 "M" 0 -0.031558 0 1
"6" 6 0 0 "M" 0 -1.984145 0 1
"7" 7 0 0 "M" 0 -0.496456 0 1
"8" 8 0 0 "M" 0 1.052898 0 1
"9" 9 0 0 "M" 0 0.937655 0 1
"10" 10 0 0 "M" 0 -0.340415 0 1
"11" 11 0 0 "M" 0 0.813305 0 1
"12" 12 0 0 "M" 0 0.63394 0 1
"13" 13 0 0 "M" 0 -1.939632 0 1
"14" 14 0 0 "M" 0 -2.047773 0 1
"15" 15 0 0 "M" 0 -0.267227 0 1
"16" 16 0 0 "M" 0 1.260527 0 1
"17" 17 0 0 "M" 0 0.995547 0 1
"18" 18 0 0 "M" 0 1.148229 0 1
"19" 19 0 0 "M" 0 0.82673 0 1
"20" 20 0 0 "M" 0 -1.236286 0 1
"21" 21 0 0 "F" 0 -0.628436 0 1
"22" 22 0 0 "F" 0 -0.676664 0 1
"23" 23 0 0 "F" 0 -0.774006 0 1
"24" 24 0 0 "F" 0 -0.79205 0 1
"25" 25 0 0 "F" 0 0.047717 0 1
"26" 26 0 0 "F" 0 0.36819 0 1
"27" 27 0 0 "F" 0 -0.667074 0 1
"28" 28 0 0 "F" 0 0.294828 0 1
"29" 29 0 0 "F" 0 -0.554074 0 1
"30" 30 0 0 "F" 0 0.993544 0 1
"31" 31 0 0 "F" 0 -0.927458 0 1
"32" 32 0 0 "F" 0 1.020744 0 1
"33" 33 0 0 "F" 0 -1.651452 0 1
"34" 34 0 0 "F" 0 -1.296084 0 1
"35" 35 0 0 "F" 0 -0.494604 0 1
"36" 36 0 0 "F" 0 -0.379065 0 1
"37" 37 0 0 "F" 0 0.053168 0 1
"38" 38 0 0 "F" 0 -0.759089 0 1
"39" 39 0 0 "F" 0 0.971255 0 1
"40" 40 0 0 "F" 0 0.358656 0 1
"41" 41 0 0 "F" 0 -1.154593 0 1
"42" 42 0 0 "F" 0 1.925098 0 1
"43" 43 0 0 "F" 0 1.047636 0 1
"44" 44 0 0 "F" 0 1.703088 0 1
"45" 45 0 0 "F" 0 0.61235 0 1
"46" 46 0 0 "F" 0 -0.34342 0 1
"47" 47 0 0 "F" 0 1.652296 0 1
"48" 48 0 0 "F" 0 -0.260538 0 1
"49" 49 0 0 "F" 0 -1.793879 0 1
"50" 50 0 0 "F" 0 0.249606 0 1
"51" 51 0 0 "F" 0 0.768436 0 1
"52" 52 0 0 "F" 0 0.940249 0 1
"53" 53 0 0 "F" 0 -1.144237 0 1
"54" 54 0 0 "F" 0 0.059419 0 1
"55" 55 0 0 "F" 0 -0.106432 0 1
"56" 56 0 0 "F" 0 -1.104044 0 1
"57" 57 0 0 "F" 0 2.026574 0 1
"58" 58 0 0 "F" 0 1.071944 0 1
"59" 59 0 0 "F" 0 -1.064686 0 1
"60" 60 0 0 "F" 0 -0.255679 0 1
"61" 61 0 0 "F" 0 1.660084 0 1
"62" 62 0 0 "F" 0 -0.068265 0 1
"63" 63 0 0 "F" 0 0.034059 0 1
"64" 64 0 0 "F" 0 -0.38584 0 1
"65" 65 0 0 "F" 0 0.000128 0 1
"66" 66 0 0 "F" 0 -3.665909 0 1
"67" 67 0 0 "F" 0 -0.428622 0 1
"68" 68 0 0 "F" 0 -1.329006 0 1
"69" 69 0 0 "F" 0 -1.35128 0 1
"70" 70 0 0 "F" 0 1.818453 0 1
"71" 71 0 0 "F" 0 0.161002 0 1
"72" 72 0 0 "F" 0 3.850032 0 1
"73" 73 0 0 "F" 0 0.993905 0 1
"74" 74 0 0 "F" 0 -0.566954 0 1
"75" 75 0 0 "F" 0 -0.750623 0 1
"76" 76 0 0 "F" 0 1.37553 0 1
"77" 77 0 0 "F" 0 0.380073 0 1
"78" 78 0 0 "F" 0 0.222765 0 1
"79" 79 0 0 "F" 0 -0.206277 0 1
"80" 80 0 0 "F" 0 -1.048625 0 1
"81" 81 0 0 "F" 0 0.153776 0 1
"82" 82 0 0 "F" 0 1.076414 0 1
"83" 83 0 0 "F" 0 0.457199 0 1
"84" 84 0 0 "F" 0 1.099746 0 1
"85" 85 0 0 "F" 0 0.158893 0 1
"86" 86 0 0 "F" 0 0.274776 0 1
"87" 87 0 0 "F" 0 -1.221525 0 1
"88" 88 0 0 "F" 0 0.998262 0 1
"89" 89 0 0 "F" 0 -0.053479 0 1
"90" 90 0 0 "F" 0 0.528567 0 1
"91" 91 0 0 "F" 0 -0.145306 0 1
"92" 92 0 0 "F" 0 -0.797746 0 1
"93" 93 0 0 "F" 0 -0.938926 0 1
"94" 94 0 0 "F" 0 0.790984 0 1
"95" 95 0 0 "F" 0 -1.302168 0 1
"96" 96 0 0 "F" 0 1.23881 0 1
"97" 97 0 0 "F" 0 1.02991 0 2
"98" 98 0 0 "F" 0 -0.567032 0 2
"99" 99 0 0 "F" 0 -0.118911 0 2
"100" 100 0 0 "F" 0 -0.326987 0 2
"101" 162 16 72 "F" 1 1.108105 0 2
"102" 163 16 57 "M" 1 2.906534 0 2
"103" 164 16 42 "M" 1 1.265139 0 2
"104" 165 16 70 "M" 1 -1.02671 0 2
"105" 166 18 44 "M" 1 0.667096 0 2
"106" 167 18 61 "M" 1 1.572048 0 2
"107" 168 18 47 "F" 1 -0.194676 0 2
"108" 169 18 76 "M" 1 1.124002 0 2
"109" 170 8 96 "M" 1 -0.138572 0 2
"110" 171 8 84 "F" 1 0.418268 0 2
"111" 172 8 82 "F" 1 0.205291 0 2
"112" 173 8 58 "M" 1 0.789442 0 2
"113" 174 17 43 "F" 1 0.676204 0 2
"114" 175 17 97 "M" 1 0.969526 0 2
"115" 176 17 32 "F" 1 1.156441 0 2
"116" 177 17 88 "M" 1 1.102824 0 2
"117" 178 9 73 "M" 1 0.41057 0 2
"118" 179 9 30 "F" 1 0.773558 0 2
"119" 180 9 39 "F" 1 0.129661 0 2
"120" 181 9 52 "F" 1 -1.017816 0 2
"121" 182 19 94 "M" 1 0.744616 0 2
"122" 183 19 51 "F" 1 -0.466229 0 2
"123" 184 19 45 "F" 1 0.712765 0 2
"124" 185 19 90 "M" 1 -0.329027 0 2
"125" 186 11 83 "M" 1 0.54243 0 2
"126" 187 11 77 "M" 1 -1.590122 0 2
"127" 188 11 26 "F" 1 -1.966376 0 2
"128" 189 11 40 "F" 1 -0.874632 0 2
"129" 190 12 28 "F" 1 -0.198819 0 2
"130" 191 12 86 "F" 1 1.442369 0 2
"131" 192 12 50 "M" 1 -0.881392 0 2
"132" 193 12 78 "M" 1 0.960702 0 2
"133" 194 1 71 "M" 1 -0.585893 0 2
"134" 195 1 85 "F" 1 0.099513 0 2
"135" 196 1 81 "F" 1 -0.215701 0 2
"136" 197 1 54 "F" 1 -0.293957 0 2
"137" 198 5 37 "M" 1 0.610234 0 2
"138" 199 5 25 "F" 1 0.457892 0 2
"139" 200 5 63 "M" 1 0.990605 0 2
"140" 201 5 65 "M" 1 -1.53662 0 2
"141" 202 15 89 "F" 1 -0.160465 0 2
"142" 203 15 62 "M" 1 0.90132 0 2
"143" 204 15 55 "F" 1 1.714826 0 2
"144" 205 15 99 "M" 1 -0.146867 0 2
"145" 206 10 91 "F" 1 -0.722424 0 2
"146" 207 10 79 "F" 1 1.03284 0 2
"147" 208 10 60 "M" 1 -0.653949 0 2
"148" 209 10 48 "M" 1 1.30998 0 2
"149" 210 7 100 "F" 1 1.232988 0 2
"150" 211 7 46 "M" 1 -0.6632 0 2
"151" 212 7 36 "F" 1 0.282213 0 2
"152" 213 7 64 "F" 1 1.313082 0 2
"153" 214 3 67 "M" 1 -2.018683 0 2
"154" 215 3 35 "M" 1 -1.118431 0 2
"155" 216 3 29 "M" 1 -0.552413 0 2
"156" 217 3 74 "F" 1 -0.207725 0 2
"157" 218 4 98 "M" 1 -1.240446 0 2
"158" 219 4 21 "F" 1 1.066408 0 2
"159" 220 4 27 "M" 1 -0.53644 0 2
"160" 221 4 22 "F" 1 0.684086 0 2
"161" 222 20 75 "M" 1 1.284223 0 2
"162" 223 20 38 "F" 1 0.924053 0 2
"163" 224 20 23 "M" 1 -0.303992 0 2
"164" 225 20 24 "F" 1 0.96375 0 2
"165" 226 2 92 "F" 1 0.403498 0 2
"166" 227 2 31 "M" 1 -0.655385 0 2
"167" 228 2 93 "F" 1 0.482266 0 2
"168" 229 2 80 "M" 1 -0.496694 0 2
"169" 230 13 59 "M" 1 -1.069188 0 2
"170" 231 13 56 "M" 1 -1.87036 0 2
"171" 232 13 53 "F" 1 -2.041478 0 2
"172" 233 13 41 "M" 1 -1.664381 0 2
"173" 234 6 87 "F" 1 -1.722968 0 2
"174" 235 6 34 "F" 1 1.216352 0 2
"175" 236 6 95 "F" 1 0.721974 0 2
"176" 237 6 68 "F" 1 -2.008079 0 2
"177" 238 14 69 "F" 1 -0.599109 0 2
"178" 239 14 33 "M" 1 -0.401206 0 2
"179" 240 14 49 "M" 1 -1.746478 0 2
"180" 241 14 66 "F" 1 -1.149807 0 2
"181" 242 163 72 "M" 2 0.824389 0 2
"182" 243 163 57 "M" 2 0.03477 0 2
"183" 244 163 42 "M" 2 0.168657 0 2
"184" 245 163 70 "F" 2 1.274983 0 2
"185" 246 167 204 "M" 2 0.364182 0 2
"186" 247 167 44 "F" 2 0.478536 0 2
"187" 248 167 61 "M" 2 2.051788 0 2
"188" 249 167 47 "F" 2 1.445826 0 2
"189" 250 209 191 "F" 2 1.177502 0 2
"190" 251 209 76 "F" 2 0.425998 0 2
"191" 252 209 213 "M" 2 0.9853 0 2
"192" 253 209 96 "M" 2 1.484653 0 2
"193" 254 222 210 "M" 2 0.928164 0 3
"194" 255 222 235 "F" 2 1.14341 0 3
"195" 256 222 176 "M" 2 1.834102 0 3
"196" 257 222 162 "F" 2 1.330835 0 3
"197" 258 164 84 "F" 2 0.032024 0 3
"198" 259 164 82 "M" 2 0.605625 0 3
"199" 260 164 58 "F" 2 0.975087 0 3
"200" 261 164 219 "M" 2 -1.274242 0 3
"201" 262 16 43 "M" 2 0.068186 0 3
"202" 263 16 207 "M" 2 1.027631 0 3
"203" 264 16 97 "M" 2 2.72564 0 3
"204" 265 16 32 "M" 2 -0.117533 0 3
"205" 266 18 88 "F" 2 1.744848 0 3
"206" 267 18 73 "F" 2 0.110996 0 3
"207" 268 18 30 "F" 2 0.82007 0 3
"208" 269 18 39 "M" 2 0.039269 0 3
"209" 270 169 225 "F" 2 -0.522437 0 3
"210" 271 169 52 "M" 2 0.711066 0 3
"211" 272 169 223 "M" 2 0.388313 0 3
"212" 273 169 94 "M" 2 -0.484815 0 3
"213" 274 177 179 "M" 2 0.613394 0 3
"214" 275 177 51 "F" 2 -0.35924 0 3
"215" 276 177 236 "M" 2 1.927665 0 3
"216" 277 177 184 "M" 2 1.34715 0 3
"217" 278 8 221 "F" 2 -0.333687 0 3
"218" 279 8 174 "M" 2 1.766407 0 3
"219" 280 8 45 "M" 2 1.235515 0 3
"220" 281 8 90 "M" 2 -0.223432 0 3
"221" 282 17 83 "F" 2 1.382964 0 3
"222" 283 17 77 "M" 2 -1.582205 0 3
"223" 284 17 26 "F" 2 0.991778 0 3
"224" 285 17 40 "F" 2 1.126258 0 3
"225" 286 200 28 "F" 2 0.69417 0 3
"226" 287 200 86 "M" 2 1.623885 0 3
"227" 288 200 50 "F" 2 -0.968788 0 3
"228" 289 200 78 "M" 2 -0.459223 0 3
"229" 290 9 71 "F" 2 -0.591032 0 3
"230" 291 9 85 "M" 2 -0.30537 0 3
"231" 292 9 81 "F" 2 -0.164278 0 3
"232" 293 9 54 "M" 2 0.15215 0 3
"233" 294 19 37 "F" 2 -0.324733 0 3
"234" 295 19 25 "F" 2 0.551953 0 3
"235" 296 19 63 "F" 2 -0.314356 0 3
"236" 297 19 65 "M" 2 0.309122 0 3
"237" 298 11 89 "M" 2 -2.778875 0 3
"238" 299 11 62 "M" 2 -0.004253 0 3
"239" 300 11 55 "M" 2 -0.202101 0 3
"240" 301 11 99 "F" 2 1.451587 0 3
"241" 302 12 91 "F" 2 -0.61695 0 3
"242" 303 12 79 "F" 2 0.24948 0 3
"243" 304 12 60 "F" 2 1.121821 0 3
"244" 305 12 48 "F" 2 1.257723 0 3
"245" 306 1 100 "F" 2 -0.829826 0 3
"246" 307 1 46 "F" 2 1.089144 0 3
"247" 308 1 36 "M" 2 -0.446555 0 3
"248" 309 1 64 "F" 2 -0.593964 0 3
"249" 310 5 67 "F" 2 -0.903369 0 3
"250" 311 5 35 "M" 2 -0.522999 0 3
"251" 312 5 29 "F" 2 0.711943 0 3
"252" 313 5 74 "M" 2 -0.801348 0 3
"253" 314 15 98 "F" 2 -0.064694 0 3
"254" 315 15 21 "F" 2 -0.582231 0 3
"255" 316 15 27 "M" 2 0.515332 0 3
"256" 317 15 22 "F" 2 -0.202752 0 3
"257" 318 10 75 "F" 2 1.167159 0 3
"258" 319 10 38 "F" 2 0.590968 0 3
"259" 320 10 23 "M" 2 0.094219 0 3
"260" 321 10 24 "M" 2 1.927331 0 3
"261" 322 163 72 "M" 3 2.198193 0 3
"262" 323 163 57 "M" 3 1.126487 0 3
"263" 324 163 42 "M" 3 0.604411 0 3
"264" 325 163 70 "F" 3 0.631127 0 3
"265" 326 264 266 "M" 3 0.840989 0 3
"266" 327 264 204 "F" 3 0.382821 0 3
"267" 328 264 44 "F" 3 -0.010862 0 3
"268" 329 264 61 "M" 3 2.765024 0 3
"269" 330 248 47 "F" 3 0.54562 0 3
"270" 331 248 301 "F" 3 0.479762 0 3
"271" 332 248 249 "F" 3 -0.075126 0 3
"272" 333 248 191 "M" 3 1.494097 0 3
"273" 334 276 282 "M" 3 -0.34197 0 3
"274" 335 276 76 "F" 3 0.060459 0 3
"275" 336 276 257 "F" 3 -0.555465 0 3
"276" 337 276 213 "F" 3 1.654445 0 3
"277" 338 321 245 "M" 3 1.268474 0 3
"278" 339 321 305 "M" 3 0.822328 0 3
"279" 340 321 96 "M" 3 0.245411 0 3
"280" 341 321 210 "F" 3 0.448325 0 3
"281" 342 256 235 "F" 3 2.312321 0 3
"282" 343 256 250 "F" 3 1.488809 0 3
"283" 344 256 318 "F" 3 0.908058 0 3
"284" 345 256 176 "F" 3 1.431381 0 3
"285" 346 279 255 "M" 3 -0.645053 0 3
"286" 347 279 285 "M" 3 1.503055 0 3
"287" 348 279 304 "F" 3 3.273136 0 3
"288" 349 279 162 "M" 3 2.005678 0 3
"289" 350 287 84 "M" 3 1.892084 0 4
"290" 351 287 307 "M" 3 2.337228 0 4
"291" 352 287 82 "M" 3 2.094918 0 4
"292" 353 287 58 "F" 3 0.548426 0 4
"293" 354 167 219 "F" 3 0.152436 0 4
"294" 355 167 43 "M" 3 -0.137386 0 4
"295" 356 167 207 "M" 3 1.099323 0 4
"296" 357 167 97 "F" 3 2.166765 0 4
"297" 358 253 32 "F" 3 -0.633147 0 4
"298" 359 253 88 "M" 3 1.591826 0 4
"299" 360 253 73 "F" 3 1.84264 0 4
"300" 361 253 30 "F" 3 0.476364 0 4
"301" 362 209 284 "F" 3 0.38003 0 4
"302" 363 209 260 "M" 3 -0.603844 0 4
"303" 364 209 39 "F" 3 -0.400619 0 4
"304" 365 209 225 "M" 3 0.502651 0 4
"305" 366 222 52 "M" 3 -1.161394 0 4
"306" 367 222 223 "M" 3 0.433383 0 4
"307" 368 222 268 "F" 3 2.201363 0 4
"308" 369 222 94 "F" 3 1.253752 0 4
"309" 370 164 179 "F" 3 -0.357718 0 4
"310" 371 164 51 "F" 3 0.073401 0 4
"311" 372 164 236 "M" 3 0.950776 0 4
"312" 373 164 184 "M" 3 0.569258 0 4
"313" 374 16 221 "M" 3 2.185556 0 4
"314" 375 16 174 "M" 3 0.011986 0 4
"315" 376 16 45 "F" 3 1.609372 0 4
"316" 377 16 90 "M" 3 2.119236 0 4
"317" 378 18 83 "M" 3 1.143058 0 4
"318" 379 18 77 "M" 3 -0.770335 0 4
"319" 380 18 26 "F" 3 -0.1648 0 4
"320" 381 18 40 "F" 3 -0.007895 0 4
"321" 382 169 28 "M" 3 1.471278 0 4
"322" 383 169 86 "M" 3 0.435453 0 4
"323" 384 169 50 "F" 3 2.571302 0 4
"324" 385 169 78 "M" 3 2.66585 0 4
"325" 386 177 71 "M" 3 0.724457 0 4
"326" 387 177 85 "F" 3 0.448179 0 4
"327" 388 177 81 "F" 3 0.562062 0 4
"328" 389 177 54 "M" 3 2.249978 0 4
"329" 390 8 37 "M" 3 -1.708399 0 4
"330" 391 8 25 "M" 3 1.072418 0 4
"331" 392 8 63 "F" 3 1.817357 0 4
"332" 393 8 65 "F" 3 0.803795 0 4
"333" 394 17 89 "F" 3 -0.995447 0 4
"334" 395 17 62 "M" 3 -2.378742 0 4
"335" 396 17 55 "F" 3 0.753068 0 4
"336" 397 17 99 "F" 3 -0.060928 0 4
"337" 398 200 91 "F" 3 -0.403683 0 4
"338" 399 200 79 "M" 3 1.094436 0 4
"339" 400 200 60 "F" 3 1.135341 0 4
"340" 401 200 48 "M" 3 -0.587912 0 4
"362" 101 0 0 "F" 0 0.807997 1 4
"364" 102 0 0 "F" 0 -0.115397 1 4
"365" 103 0 0 "F" 0 0.107269 1 4
"366" 104 0 0 "F" 0 -1.612072 1 4
"367" 105 0 0 "F" 0 -0.912822 1 4
"368" 106 0 0 "F" 0 0.089084 1 4
"370" 107 0 0 "F" 0 -0.362938 1 4
"371" 108 0 0 "F" 0 0.462629 1 4
"372" 109 0 0 "F" 0 -1.247293 1 4
"373" 110 0 0 "F" 0 0.179491 1 4
"374" 111 0 0 "F" 0 -0.731351 1 4
"375" 112 0 0 "F" 0 -1.820967 1 4
"376" 113 0 0 "F" 0 -1.817687 1 4
"377" 114 0 0 "F" 0 2.368096 1 4
"378" 115 0 0 "F" 0 -0.518971 1 4
"379" 116 0 0 "F" 0 -1.811849 1 4
"380" 117 0 0 "F" 0 -0.705523 1 4
"381" 118 0 0 "F" 0 -0.250969 1 4
"382" 119 0 0 "F" 0 1.214755 1 4
"383" 120 0 0 "F" 0 0.853315 1 4
"387" 121 0 0 "F" 0 -0.108904 1 4
"389" 122 0 0 "F" 0 0.42105 1 4
"390" 123 0 0 "F" 0 -1.585157 1 4
"391" 124 0 0 "F" 0 -2.506819 1 4
"397" 125 0 0 "F" 0 1.214933 1 4
"398" 126 0 0 "F" 0 0.375093 1 4
"399" 127 0 0 "F" 0 -0.696374 1 4
"400" 128 0 0 "F" 0 0.398435 1 4
"401" 129 0 0 "F" 0 -0.460166 1 4
"402" 130 0 0 "F" 0 -0.01458 1 4
"403" 131 0 0 "F" 0 -0.039162 1 4
"404" 132 0 0 "F" 0 1.391853 1 4
"405" 133 0 0 "F" 0 0.55441 1 4
"406" 134 0 0 "F" 0 -1.142228 1 4
"407" 135 0 0 "F" 0 0.826416 1 4
"409" 136 0 0 "F" 0 1.168426 1 4
"410" 137 0 0 "F" 0 1.306469 1 4
"411" 138 0 0 "F" 0 -0.020689 1 4
"413" 139 0 0 "F" 0 -0.629522 1 4
"415" 140 0 0 "F" 0 -0.917599 1 4
"416" 141 0 0 "F" 0 1.113309 1 4
"417" 142 0 0 "F" 0 0.796116 1 4
"418" 143 0 0 "F" 0 -0.417485 1 4
"419" 144 0 0 "F" 0 1.013011 1 4
"420" 145 0 0 "F" 0 0.370461 1 5
"422" 146 0 0 "F" 0 -0.033157 1 5
"423" 147 0 0 "F" 0 1.459935 1 5
"424" 148 0 0 "F" 0 0.581008 1 5
"425" 149 0 0 "F" 0 1.447697 1 5
"426" 150 0 0 "F" 0 0.851129 1 5
"427" 151 0 0 "F" 0 0.065959 1 5
"428" 152 0 0 "F" 0 -1.01531 1 5
"429" 153 0 0 "F" 0 0.284686 1 5
"430" 154 0 0 "F" 0 -0.769392 1 5
"431" 155 0 0 "F" 0 1.168267 1 5
"432" 156 0 0 "F" 0 0.235517 1 5
"433" 157 0 0 "F" 0 -1.288508 1 5
"434" 158 0 0 "F" 0 1.303256 1 5
"435" 159 0 0 "F" 0 0.44074 1 5
"438" 160 0 0 "F" 0 -0.390094 1 5
"440" 161 0 0 "F" 0 1.588294 1 5
"441" 402 16 114 "F" 1 -0.202682 1 5
"442" 403 16 161 "M" 1 -0.54869 1 5
"443" 404 16 147 "M" 1 -0.677314 1 5
"444" 405 16 149 "F" 1 0.762869 1 5
"445" 406 18 132 "M" 1 0.217438 1 5
"446" 407 18 137 "F" 1 1.253908 1 5
"447" 408 18 158 "M" 1 0.455877 1 5
"448" 409 18 125 "F" 1 1.178793 1 5
"449" 410 8 119 "M" 1 0.896349 1 5
"450" 411 8 136 "F" 1 -0.564346 1 5
"451" 412 8 155 "M" 1 -0.075872 1 5
"452" 413 8 141 "M" 1 0.524686 1 5
"453" 414 17 144 "F" 1 1.236674 1 5
"454" 415 17 30 "M" 1 1.323344 1 5
"455" 416 17 120 "F" 1 -0.858367 1 5
"456" 417 17 150 "M" 1 0.647489 1 5
"457" 418 9 135 "F" 1 0.767634 1 5
"458" 419 9 101 "M" 1 -0.330607 1 5
"459" 420 9 142 "F" 1 -0.447519 1 5
"460" 421 9 94 "F" 1 1.370695 1 5
"461" 422 19 45 "M" 1 1.87837 1 5
"462" 423 19 148 "F" 1 -2.065554 1 5
"463" 424 19 133 "F" 1 -0.718171 1 5
"464" 425 19 90 "F" 1 1.128285 1 5
"465" 426 11 108 "F" 1 -0.638772 1 5
"466" 427 11 159 "M" 1 -0.115583 1 5
"467" 428 11 122 "M" 1 -0.007804 1 5
"468" 429 11 128 "M" 1 -0.516083 1 5
"469" 430 12 77 "F" 1 0.723828 1 5
"470" 431 12 126 "M" 1 1.105734 1 5
"471" 432 12 145 "M" 1 -0.150905 1 5
"472" 433 12 40 "M" 1 0.131431 1 5
"473" 434 1 153 "M" 1 0.01253 1 5
"474" 435 1 50 "F" 1 -0.377916 1 5
"475" 436 1 156 "F" 1 -0.275407 1 5
"476" 437 1 78 "M" 1 0.734971 1 5
"477" 438 5 110 "F" 1 0.037011 1 5
"478" 439 5 85 "F" 1 -1.374232 1 5
"479" 440 5 103 "F" 1 -1.032987 1 5
"480" 441 5 106 "M" 1 -0.299654 1 5
"481" 442 15 151 "F" 1 -2.071728 1 5
"482" 443 15 25 "F" 1 -1.716883 1 5
"483" 444 15 63 "F" 1 1.532714 1 5
"484" 445 15 130 "M" 1 -1.298228 1 5
"485" 446 10 138 "M" 1 -1.720428 1 5
"486" 447 10 146 "F" 1 0.760653 1 5
"487" 448 10 131 "M" 1 1.328723 1 5
"488" 449 10 121 "F" 1 -1.734392 1 5
"489" 450 7 102 "F" 1 -0.018813 1 5
"490" 451 7 118 "M" 1 1.377583 1 5
"491" 452 7 107 "F" 1 -0.516804 1 5
"492" 453 7 36 "M" 1 1.202114 1 5
"493" 454 3 160 "F" 1 -0.768415 1 5
"494" 455 3 143 "M" 1 -0.501848 1 5
"495" 456 3 129 "F" 1 -0.553526 1 5
"496" 457 3 115 "M" 1 0.858703 1 5
"497" 458 4 21 "M" 1 -0.592848 1 5
"498" 459 4 139 "F" 1 -0.622302 1 5
"499" 460 4 27 "M" 1 0.876945 1 5
"500" 461 4 127 "F" 1 0.038611 1 5
"501" 462 20 117 "M" 1 2.496216 1 5
"502" 463 20 111 "F" 1 -1.451531 1 5
"503" 464 20 75 "F" 1 -0.082693 1 5
"504" 465 20 38 "M" 1 -0.621172 1 5
"505" 466 2 154 "M" 1 -1.170813 1 5
"506" 467 2 105 "M" 1 0.090282 1 5
"507" 468 2 140 "M" 1 -0.1338 1 5
"508" 469 2 152 "F" 1 -0.230312 1 5
"509" 470 13 134 "M" 1 0.33551 1 5
"510" 471 13 53 "F" 1 -0.513787 1 5
"511" 472 13 41 "F" 1 -2.437712 1 5
"512" 473 13 109 "M" 1 -2.03494 1 5
"513" 474 6 157 "F" 1 0.881556 1 5
"514" 475 6 123 "M" 1 -1.459482 1 5
"515" 476 6 104 "M" 1 -2.687525 1 5
"516" 477 6 33 "M" 1 -0.593437 1 5
"517" 478 14 116 "F" 1 0.042384 1 5
"518" 479 14 113 "M" 1 0.142503 1 5
"519" 480 14 112 "F" 1 -1.343363 1 5
"520" 481 14 124 "F" 1 1.065456 1 6
"521" 482 422 114 "F" 2 0.107692 1 6
"522" 483 422 407 "F" 2 0.619617 1 6
"523" 484 422 409 "M" 2 2.723254 1 6
"524" 485 422 414 "F" 2 2.632025 1 6
"525" 486 415 421 "M" 2 -1.812108 1 6
"526" 487 415 149 "F" 2 -1.1405 1 6
"527" 488 415 137 "F" 2 1.454487 1 6
"528" 489 415 125 "F" 2 2.543 1 6
"529" 490 462 119 "M" 2 0.297114 1 6
"530" 491 462 161 "M" 2 -0.529451 1 6
"531" 492 462 30 "F" 2 1.689562 1 6
"532" 493 462 132 "F" 2 0.62848 1 6
"533" 494 18 158 "F" 2 0.234387 1 6
"534" 495 18 144 "M" 2 0.525377 1 6
"535" 496 18 425 "F" 2 -0.026128 1 6
"536" 497 18 405 "M" 2 1.462685 1 6
"537" 498 410 141 "M" 2 1.325433 1 6
"538" 499 410 418 "M" 2 0.430141 1 6
"539" 500 410 45 "F" 2 1.589052 1 6
"540" 501 410 147 "M" 2 0.575275 1 6
"541" 502 431 94 "M" 2 -0.008733 1 6
"542" 503 431 155 "F" 2 0.475002 1 6
"543" 504 431 430 "F" 2 0.172546 1 6
"544" 505 431 135 "F" 2 0.053121 1 6
"545" 506 408 150 "F" 2 0.174523 1 6
"546" 507 408 136 "M" 2 -0.452692 1 6
"547" 508 408 444 "M" 2 -0.619393 1 6
"548" 509 408 90 "M" 2 0.791518 1 6
"549" 510 417 402 "F" 2 1.260622 1 6
"550" 511 417 126 "F" 2 -1.303207 1 6
"551" 512 417 63 "F" 2 0.693118 1 6
"552" 513 417 101 "M" 2 -0.436208 1 6
"553" 514 17 142 "M" 2 -0.351609 1 6
"554" 515 17 77 "F" 2 -1.145267 1 6
"555" 516 17 78 "M" 2 0.735662 1 6
"556" 517 17 131 "F" 2 -0.019659 1 6
"557" 518 406 120 "F" 2 -0.479586 1 6
"558" 519 406 447 "M" 2 1.595546 1 6
"559" 520 406 122 "M" 2 1.420503 1 6
"560" 521 406 159 "M" 2 1.068823 1 6
"561" 522 9 40 "M" 2 0.546229 1 6
"562" 523 9 153 "M" 2 1.423044 1 6
"563" 524 9 146 "M" 2 -0.118285 1 6
"564" 525 9 133 "F" 2 -0.222769 1 6
"565" 526 12 110 "M" 2 -0.519646 1 6
"566" 527 12 145 "F" 2 0.372868 1 6
"567" 528 12 108 "M" 2 -0.846782 1 6
"568" 529 12 117 "F" 2 1.279999 1 6
"569" 530 8 118 "M" 2 0.123007 1 6
"570" 531 8 128 "M" 2 -0.254636 1 6
"571" 532 8 420 "F" 2 -0.326417 1 6
"572" 533 8 411 "M" 2 0.159174 1 6
"573" 534 19 156 "M" 2 1.643182 1 6
"574" 535 19 50 "M" 2 -0.629492 1 6
"575" 536 19 106 "F" 2 1.041467 1 6
"576" 537 19 36 "M" 2 0.51032 1 6
"577" 538 16 450 "F" 2 1.571436 1 6
"578" 539 16 416 "F" 2 0.796075 1 6
"579" 540 16 436 "M" 2 -0.289995 1 6
"580" 541 16 102 "F" 2 -0.835178 1 6
"581" 542 11 115 "M" 2 -1.255303 1 6
"582" 543 11 148 "F" 2 0.58542 1 6
"583" 544 11 103 "M" 2 -1.083807 1 6
"584" 545 11 85 "F" 2 -2.054908 1 6
"585" 546 7 27 "M" 2 1.36042 1 6
"586" 547 7 130 "M" 2 1.049045 1 6
"587" 548 7 25 "F" 2 1.254901 1 6
"588" 549 7 143 "M" 2 -0.670259 1 6
"589" 550 1 107 "F" 2 -1.000921 1 6
"590" 551 1 151 "F" 2 -0.298107 1 6
"591" 552 1 138 "F" 2 0.133886 1 6
"592" 553 1 129 "M" 2 -0.808346 1 6
"593" 554 10 160 "M" 2 -0.438368 1 6
"594" 555 10 127 "M" 2 0.60471 1 6
"595" 556 10 121 "F" 2 0.985382 1 6
"596" 557 10 75 "F" 2 -0.368263 1 6
"597" 558 20 21 "F" 2 -0.314366 1 6
"598" 559 20 105 "M" 2 -0.384282 1 6
"599" 560 20 139 "F" 2 2.030171 1 6
"600" 561 20 157 "F" 2 0.429219 1 6
"601" 562 484 485 "M" 3 1.229326 1 6
"602" 563 484 489 "M" 3 -0.662824 1 6
"603" 564 484 409 "F" 3 3.419788 1 6
"604" 565 484 500 "M" 3 1.290441 1 6
"605" 566 422 483 "F" 3 0.758662 1 6
"606" 567 422 125 "F" 3 1.799371 1 6
"607" 568 422 492 "F" 3 1.38557 1 6
"608" 569 422 488 "M" 3 0.643765 1 6
"609" 570 497 407 "F" 3 0.255535 1 6
"610" 571 497 414 "M" 3 1.807921 1 6
"611" 572 497 482 "F" 3 1.235919 1 6
"612" 573 497 114 "F" 3 1.667451 1 6
"613" 574 498 45 "M" 3 1.716724 1 6
"614" 575 498 137 "F" 3 0.127828 1 6
"615" 576 498 493 "M" 3 -0.205426 1 6
"616" 577 498 30 "F" 3 -1.067329 1 7
"617" 578 519 144 "M" 3 -0.004697 1 7
"618" 579 519 510 "F" 3 0.757243 1 7
"619" 580 519 132 "M" 3 -1.256368 1 7
"620" 581 519 119 "F" 3 0.89204 1 7
"621" 582 520 538 "M" 3 0.638051 1 7
"622" 583 520 405 "F" 3 1.584275 1 7
"623" 584 520 141 "M" 3 -0.406011 1 7
"624" 585 520 425 "M" 3 2.293236 1 7
"625" 586 406 529 "F" 3 0.127523 1 7
"626" 587 406 536 "F" 3 0.440358 1 7
"627" 588 406 496 "M" 3 -1.317 1 7
"628" 589 406 494 "F" 3 -0.692191 1 7
"629" 590 410 402 "F" 3 -0.029744 1 7
"630" 591 410 560 "F" 3 0.278762 1 7
"631" 592 410 548 "M" 3 -0.237439 1 7
"632" 593 410 418 "M" 3 0.073824 1 7
"633" 594 18 149 "F" 3 0.772334 1 7
"634" 595 18 147 "M" 3 -0.546082 1 7
"635" 596 18 155 "F" 3 0.270628 1 7
"636" 597 18 158 "M" 3 -1.373674 1 7
"637" 598 534 421 "M" 3 -1.190491 1 7
"638" 599 534 90 "F" 3 0.431725 1 7
"639" 600 534 135 "F" 3 1.227877 1 7
"640" 601 534 161 "M" 3 1.059818 1 7
"641" 602 462 150 "M" 3 0.889144 1 7
"642" 603 462 122 "F" 3 3.246292 1 7
"643" 604 462 447 "F" 3 0.745304 1 7
"644" 605 462 430 "M" 3 0.090681 1 7
"645" 606 521 94 "F" 3 1.250585 1 7
"646" 607 521 153 "F" 3 -0.121333 1 7
"647" 608 521 63 "F" 3 1.833416 1 7
"648" 609 521 78 "F" 3 -0.243297 1 7
"649" 610 495 159 "M" 3 1.422982 1 7
"650" 611 495 117 "M" 3 0.562211 1 7
"651" 612 495 450 "F" 3 -0.565721 1 7
"652" 613 495 156 "M" 3 0.549618 1 7
"653" 614 415 136 "M" 3 2.922091 1 7
"654" 615 415 40 "F" 3 -0.020385 1 7
"655" 616 415 444 "F" 3 1.343906 1 7
"656" 617 415 131 "M" 3 -0.652226 1 7
"657" 618 19 101 "F" 3 -1.226764 1 7
"658" 619 19 106 "M" 3 0.313379 1 7
"659" 620 19 145 "M" 3 0.246641 1 7
"660" 621 19 146 "M" 3 0.381133 1 7
"661" 622 7 142 "F" 3 1.60938 1 7
"662" 623 7 120 "M" 3 -0.288072 1 7
"663" 624 7 118 "M" 3 0.095033 1 7
"664" 625 7 411 "F" 3 1.715575 1 7
"665" 626 408 27 "M" 3 0.955539 1 7
"666" 627 408 36 "M" 3 -0.658163 1 7
"667" 628 408 126 "F" 3 0.58647 1 7
"668" 629 408 420 "M" 3 -0.572347 1 7
"669" 630 9 128 "F" 3 -1.140469 1 7
"670" 631 9 77 "M" 3 -0.360165 1 7
"671" 632 9 416 "M" 3 0.281576 1 7
"672" 633 9 133 "M" 3 -0.341256 1 7
"673" 634 431 139 "F" 3 0.774648 1 7
"674" 635 431 110 "M" 3 0.246637 1 7
"675" 636 431 148 "F" 3 -0.031196 1 7
"676" 637 431 130 "M" 3 -0.005493 1 7
"677" 638 417 25 "F" 3 1.292073 1 7
"678" 639 417 108 "F" 3 0.322493 1 7
"679" 640 417 50 "M" 3 -1.387712 1 7
"680" 641 417 436 "F" 3 1.386471 1 7
